39
47
57
59
66
77
78
79
80
88
92
95
99
100
101
130
131
152
174
177
181
194
204
212
236
240
241
244
251
256
259
269
270
271
313
348
372
370
373
382
414
415
417
421
423
424
428
431
444
462
479
480
481
485
500
506
533
542
547
555
556
557
558
559
565
574
580
581
583
584
586
602
603
609
611
636
637
653
697
699
702
707
741
771
781
787
809
810
844
930
931
917
978
1009
1010
1011
1116
1117
1126
1139
1153
1154
1164
1172
1190
1192
1193
1198
1128
1233
1243
1247
1252
1250
1255
1266
1282
1293
1299
1342
1344
1445
1447
1474
1475
1478
1477
1487
1497
1500
1503
1523
1538
1560
1576
1577
1581
1601
1624
1638
1640
1661
1673
1717
1723
1778
1837
1914
1922
2004
2036
2084
2086
2121
2125
2243
2299
2387
2392
2395
2424
2435
2488
2489
2495
2497
2513
2619
2620
2663
2693
2694
2695
2808
2860
2862
2864
2879
2886
2892
2899
2898
2908
2925
